   0   1   2   3   4   4   5   6   7   8   9  10  11  11  12  13  14  15  16  17  17  18  19  20  21  22  23
   1   2   3   5   6   7   8   9  11  12  13  14  15  17  18  19  20  22  23  24  25  27  28  29  30  32  33
   2   3   5   6   8  10  11  13  14  16  17  19  21  22  24  25  27  29  30  32  33  35  37  38  40  42  43
   3   5   6   8  10  12  14  16  18  20  22  24  26  28  30  32  34  36  38  40  42  44  46  48  50  52  54
   4   6   8  10  13  15  17  19  22  24  26  29  31  34  36  38  41  43  45  48  50  53  55  57  60  62  65
   4   7  10  12  15  17  20  23  26  28  31  34  37  39  42  45  48  50  53  56  59  62  64  87  70  73  76
   5   8  11  14  17  20  23  26  29  33  36  39  42  45  48  52  55  58  61  64  67  71  74  77  80  83  87
   6   9  13  16  19  23  26  30  33  37  40  44  47  51  55  58  62  65  69  73  76  80  83  87  90  94  98
   7  11  14  18  22  26  29  33  37  41  45  49  53  57  61  65  69  73  77  81  85  89  93  97 101 105 109
   8  12  15  20  24  28  33  37  41  45  50  54  59  63  67  72  76  80  85  89  94  98 102 107 111 116 120
   9  13  17  22  26  31  36  40  45  50  55  59  64  69  74  78  83  88  93  98 102 107 112 117 122 127 131
  10  14  19  24  29  34  39  44  49  54  59  64  70  75  80  85  90  96 101 106 111 117 122 127 132 138 143
  11  15  21  26  31  37  42  47  53  59  64  70  75  81  86  92  98 103 109 115 120 126 132 137 143 149 154
  11  17  22  28  34  39  45  51  57  63  69  75  81  87  93  99 105 111 117 123 129 135 141 147 154 160 166
  12  18  24  30  36  42  48  55  61  67  74  80  86  93  99 106 112 119 125 132 138 145 151 158 164 171 177
  13  19  25  32  38  45  52  58  65  72  78  85  92  99 106 113 119 126 133 140 147 154 161 168 175 182 189
  14  20  27  34  41  48  55  62  69  76  83  90  98 105 112 119 127 134 141 149 156 163 171 178 186 193 200
  15  22  29  36  43  50  58  65  73  80  88  96 103 111 119 126 134 142 150 157 165 173 181 188 196 204 212
  16  23  30  38  45  53  61  69  77  85  93 101 109 117 125 133 141 150 158 166 174 182 191 199 207 215 223
  17  24  32  40  48  56  64  73  81  89  98 106 115 123 132 140 149 157 166 175 183 192 200 209 218 226 235
  17  25  33  42  50  59  67  76  85  94 102 111 120 129 138 147 156 165 174 183 192 201 210 219 228 238 247
  18  27  35  44  53  62  71  80  89  98 107 117 126 135 145 154 163 173 182 192 201 211 220 230 239 249 258
  19  28  37  46  55  64  74  83  93 102 112 122 132 141 151 161 171 181 191 200 210 220 230 240 250 260 270
  20  29  38  48  57  67  77  87  97 107 117 127 137 147 158 168 178 188 199 209 219 230 240 250 261 271 282
  21  30  40  50  60  70  80  90 101 111 122 132 143 154 164 175 186 196 207 218 228 239 250 261 272 282 293
  22  32  42  52  62  73  83  94 105 116 127 138 149 160 171 182 193 204 215 226 238 249 266 271 282 294 305
  23  33  43  54  65  76  87  98 109 129 131 143 154 166 177 189 200 212 223 235 247 258 270 282 293 305 317